[both]
BroadCastPort = 48268
LogLevel = INFO
LogFile = 

[kameras]
WebPort = 8080
Folder = ~/pictures/

[server]
WebPort = 8080
DesktopPort = 50267
Folder = ~/pictures/
Leds = 3,3,2,2,1,1,6,6,5,5,4,4,9,9,8,8,7,7,12,12,11,11,10,10,15,15,14,14,13,13,18,18,17,17,16,16,21,21,20,20,19,19,24,24,23,23,22,22


[calibration]
f = 3387.30
cx = 2312.93
cy = 1322.27
k1 = -0.008054
k2 = 0.233690
p1 = 0.
p2 = 0.
k3 = -0.384440
f_factor = 21.65
cx_factor = 0.28
cy_factor = -1.14
k1_factor = 0.018608
k2_factor =-0.104750
p1_factor = 0.
p2_factor = 0.
k3_factor = 0.131100
